 # MC step, % unfavourable accepted moves, % true moves (accep. favourable), % rejected moves
    1000    3.20    4.60   92.20
    2000    3.50    3.45   93.05
    3000    3.63    3.17   93.20
    4000    3.42    2.98   93.60
    5000    3.28    2.98   93.74
    6000    3.23    2.93   93.83
    7000    3.24    2.76   94.00
    8000    3.34    2.69   93.97
    9000    3.46    2.73   93.81
   10000    3.59    2.66   93.75
   11000    3.53    2.80   93.67
   12000    3.48    2.77   93.76
   13000    3.51    2.86   93.63
   14000    3.49    2.79   93.72
   15000    3.51    2.69   93.80
   16000    3.57    2.69   93.74
   17000    3.58    2.71   93.71
   18000    3.61    2.73   93.66
   19000    3.63    2.72   93.65
   20000    3.63    2.71   93.66
   21000    3.63    2.75   93.62
   22000    3.68    2.75   93.57
   23000    3.62    2.77   93.61
   24000    3.60    2.74   93.66
   25000    3.58    2.69   93.73
   26000    3.58    2.81   93.60
   27000    3.58    2.81   93.61
   28000    3.60    2.80   93.60
   29000    3.57    2.81   93.62
   30000    3.55    2.90   93.55
   31000    3.54    2.97   93.49
   32000    3.50    3.26   93.23
   33000    3.51    3.24   93.25
   34000    3.49    3.34   93.17
   35000    3.48    3.40   93.11
   36000    3.48    3.39   93.12
   37000    3.46    3.44   93.11
   38000    3.44    3.56   93.01
   39000    3.45    3.54   93.01
   40000    3.44    3.68   92.88
   41000    3.41    3.73   92.86
   42000    3.41    3.81   92.78
   43000    3.37    3.97   92.65
   44000    3.39    3.95   92.67
   45000    3.39    4.00   92.61
   46000    3.39    4.08   92.53
   47000    3.38    4.17   92.45
   48000    3.38    4.16   92.46
   49000    3.41    4.17   92.42
   50000    3.40    4.27   92.32
   51000    3.40    4.35   92.24
   52000    3.40    4.33   92.28
   53000    3.38    4.41   92.22
   54000    3.37    4.38   92.26
   55000    3.37    4.34   92.29
   56000    3.37    4.32   92.31
   57000    3.40    4.28   92.32
   58000    3.40    4.33   92.27
   59000    3.40    4.43   92.17
   60000    3.39    4.55   92.06
   61000    3.39    4.59   92.03
   62000    3.37    4.60   92.03
   63000    3.38    4.62   92.01
   64000    3.38    4.62   92.01
   65000    3.36    4.68   91.96
   66000    3.36    4.70   91.94
   67000    3.34    4.87   91.78
   68000    3.34    4.89   91.77
   69000    3.34    4.94   91.72
   70000    3.34    4.94   91.72
   71000    3.36    4.90   91.74
   72000    3.36    4.96   91.68
   73000    3.35    4.96   91.69
   74000    3.34    5.12   91.54
   75000    3.34    5.10   91.57
   76000    3.35    5.14   91.51
   77000    3.34    5.17   91.49
   78000    3.34    5.24   91.42
   79000    3.34    5.33   91.33
   80000    3.33    5.41   91.26
   81000    3.33    5.42   91.25
   82000    3.34    5.37   91.29
   83000    3.34    5.39   91.27
   84000    3.34    5.41   91.25
   85000    3.33    5.41   91.26
   86000    3.32    5.47   91.21
   87000    3.31    5.48   91.21
   88000    3.31    5.51   91.18
   89000    3.31    5.50   91.19
   90000    3.30    5.49   91.21
   91000    3.31    5.47   91.23
   92000    3.29    5.45   91.25
   93000    3.30    5.44   91.26
   94000    3.30    5.46   91.25
   95000    3.29    5.47   91.24
   96000    3.30    5.47   91.23
   97000    3.30    5.45   91.26
   98000    3.29    5.46   91.25
   99000    3.28    5.56   91.16
  100000    3.28    5.56   91.16
  101000    3.27    5.64   91.10
  102000    3.27    5.68   91.05
  103000    3.26    5.66   91.08
  104000    3.26    5.65   91.09
  105000    3.25    5.66   91.10
  106000    3.23    5.70   91.07
  107000    3.23    5.73   91.04
  108000    3.23    5.79   90.99
  109000    3.23    5.78   90.99
  110000    3.24    5.76   91.01
  111000    3.23    5.80   90.97
  112000    3.23    5.79   90.98
  113000    3.22    5.81   90.97
  114000    3.22    5.80   90.99
  115000    3.22    5.80   90.98
  116000    3.21    5.80   91.00
  117000    3.21    5.79   91.00
  118000    3.21    5.79   91.01
  119000    3.20    5.76   91.04
  120000    3.20    5.79   91.01
  121000    3.20    5.82   90.99
  122000    3.20    5.79   91.01
  123000    3.20    5.76   91.04
  124000    3.20    5.76   91.04
  125000    3.21    5.73   91.06
  126000    3.20    5.71   91.08
  127000    3.20    5.75   91.05
  128000    3.21    5.75   91.04
  129000    3.20    5.74   91.06
  130000    3.20    5.72   91.08
  131000    3.21    5.71   91.08
  132000    3.21    5.72   91.07
  133000    3.20    5.74   91.06
  134000    3.21    5.71   91.08
  135000    3.21    5.70   91.09
  136000    3.22    5.68   91.11
  137000    3.23    5.66   91.11
  138000    3.23    5.65   91.12
  139000    3.23    5.65   91.12
  140000    3.24    5.63   91.14
  141000    3.24    5.63   91.13
  142000    3.25    5.61   91.14
  143000    3.24    5.60   91.15
  144000    3.24    5.60   91.16
  145000    3.24    5.59   91.17
  146000    3.24    5.62   91.14
  147000    3.24    5.60   91.15
  148000    3.24    5.59   91.16
  149000    3.24    5.59   91.17
  150000    3.25    5.57   91.19
  151000    3.24    5.60   91.16
  152000    3.24    5.58   91.18
  153000    3.25    5.58   91.17
  154000    3.25    5.59   91.16
  155000    3.26    5.61   91.14
  156000    3.26    5.61   91.14
  157000    3.25    5.64   91.11
  158000    3.25    5.62   91.13
  159000    3.25    5.60   91.15
  160000    3.26    5.61   91.14
  161000    3.26    5.60   91.15
  162000    3.26    5.60   91.14
  163000    3.25    5.63   91.12
  164000    3.24    5.68   91.07
  165000    3.24    5.70   91.06
  166000    3.24    5.71   91.05
  167000    3.24    5.71   91.05
  168000    3.24    5.74   91.02
  169000    3.24    5.72   91.04
  170000    3.25    5.71   91.04
  171000    3.25    5.70   91.06
  172000    3.25    5.68   91.07
  173000    3.25    5.68   91.08
  174000    3.24    5.67   91.08
  175000    3.25    5.67   91.08
  176000    3.25    5.68   91.08
  177000    3.24    5.70   91.06
  178000    3.24    5.71   91.06
  179000    3.24    5.71   91.05
  180000    3.24    5.70   91.06
  181000    3.23    5.72   91.05
  182000    3.23    5.75   91.02
  183000    3.22    5.75   91.03
  184000    3.22    5.75   91.03
  185000    3.22    5.76   91.02
  186000    3.22    5.77   91.02
  187000    3.22    5.76   91.02
  188000    3.22    5.77   91.01
  189000    3.22    5.76   91.02
  190000    3.22    5.76   91.02
  191000    3.22    5.74   91.04
  192000    3.22    5.77   91.01
  193000    3.22    5.77   91.01
  194000    3.22    5.77   91.02
  195000    3.22    5.81   90.98
  196000    3.21    5.81   90.98
  197000    3.21    5.80   90.98
  198000    3.21    5.81   90.98
  199000    3.21    5.79   91.00
